00000000000000000000010001000011
00000010000100010000000000000000
00000000000000010000010001000011
00000110000100010000000000000000
00001000000100010000000000000000
00000000000000000001010000100010
00001100000100000000000000000000
00000000000000111000010001000011
00000010001000000000000000000000
00000000000001001000010001000011
00010100000100010000000000000000
00000000000000000010110000100010
00000000000001100000010001000011
00011010000100010000000000000000
00000000000001110000010001000011
00000000001111000010001000000000
00000000000010000000010001000011
00000000010001000010001000000000
00000000000010010000010001000011
00000000000010011000010001000011
00000000000010100000010001000011
00000000000010101000010001000011
00000000000010110000010001000011
00000000000010111000010001000011
00000000000011000000010001000011
00000000000011001000010001000011
00000000000011010000010001000011
00000000000000000110110000100010
11100000010000000000000000000000
00000000000000000000001110100001
00000000010001000000000000000000
01100001000100000000000000000000
00000000000000000000000000000000
10010000000010000000000000000000
10100000000000000000000000000000
10110000100000000000000000000000
